cam_model: Pinhole
cam_width: 800
cam_height: 600
cam_fx: 779.341181
cam_fy: 780.004439
cam_cx: 401.303047
cam_cy: 292.813800
cam_d0: 0.142818
cam_d1: -0.290293
cam_d2: -0.002315
cam_d3: -0.006090
